Top Laminate Stress Components (MPa):
Ply angles: [45, -45, 0, 0, 0, -45, 45, 90, 45, -45, 0, 0, 0, -45, 45] [deg]
Ex Planar: 71.21543041562953 GPa
sigma11: [ 302.66533318  -37.13568741  549.45450054  549.45450054  549.45450054
  -37.13568741  302.66533318 -283.92485477  302.66533318  -37.13568741
  549.45450054  549.45450054  549.45450054  -37.13568741  302.66533318] MPa
sigma22: [  3.69064162  22.90616385 -10.26512203 -10.26512203 -10.26512203
  22.90616385   3.69064162  36.86192749   3.69064162  22.90616385
 -10.26512203 -10.26512203 -10.26512203  22.90616385   3.69064162] MPa
sigma12: [-29.84216444  29.84216444  12.16780554  12.16780554  12.16780554
  29.84216444 -29.84216444 -12.16780554 -29.84216444  29.84216444
  12.16780554  12.16780554  12.16780554  29.84216444 -29.84216444] MPa

Diagonal Laminate Stress Components (MPa):
Ply angles: [45, -45, 0, 0, -45, 45, 90, 45, -45, 0, 0, -45, 45] [deg]
Ex Planar: 60.226684137646984 GPa
sigma11: [ 378.23198621  -79.6111886   630.76254389  630.76254389  -79.6111886
  378.23198621 -332.14174627  378.23198621  -79.6111886   630.76254389
  630.76254389  -79.6111886   378.23198621] MPa
sigma22: [  2.01032826  27.90105598 -12.2701072  -12.2701072   27.90105598
   2.01032826  42.18149144   2.01032826  27.90105598 -12.2701072
 -12.2701072   27.90105598   2.01032826] MPa
sigma12: [-34.48027358  34.48027358  16.39473215  16.39473215  34.48027358
 -34.48027358 -16.39473215 -34.48027358  34.48027358  16.39473215
  16.39473215  34.48027358 -34.48027358] MPa

Middle Laminate Stress Components (MPa):
Ply angles: [45, -45, 0, -45, 45, 90, 45, -45, 0, -45, 45] [deg]
Ex Planar: 45.23204517702833 GPa
sigma11: [ 343.43129966    8.0216392   759.4874137     8.0216392   343.43129966
 -408.03447484  343.43129966    8.0216392   759.4874137     8.0216392
  343.43129966] MPa
sigma22: [  8.11806381  27.08525753 -15.40963335  27.08525753   8.11806381
  50.61295469   8.11806381  27.08525753 -15.40963335  27.08525753
   8.11806381] MPa
sigma12: [-41.80734736  41.80734736  12.01055699  41.80734736 -41.80734736
 -12.01055699 -41.80734736  41.80734736  12.01055699  41.80734736
 -41.80734736] MPa

var_cfrp_mass: 53.260362734103836 [kg/m]