monolithic layup:

top_layup = [+45, -45, +45, -45, 0, 0, -45, +45, -45, +45,
                          90,
             +45, -45, +45, -45, 0, 0, -45, +45, -45, +45,
                          90,
             +45, -45, +45, -45, 0, 0, -45, +45, -45, +45,
                          90,
             +45, -45, +45, -45, 0, 0, -45, +45, -45, +45,
                    0, 0, 0, +45, -45, 0, 0, 
                    90, 90, 0, 90, 0, 90, 90,
                        0, 0, +45, -45, 0, 0, 0,
            +45, -45, +45, -45, 0, 0, -45, +45, -45, +45,
                          90,
            +45, -45, +45, -45, 0, 0, -45, +45, -45, +45,
                          90,
             +45, -45, +45, -45, 0, 0, -45, +45, -45, +45,
                          90,
             +45, -45, +45, -45, 0, 0, -45, +45, -45, +45]

diagonal_layup = [+45, -45, +45, -45, 0, 0, -45, +45, -45, +45,
                          90,
             +45, -45, +45, -45, 0, 0, -45, +45, -45, +45,
                          90,
             +45, -45, +45, -45, 0, 0, -45, +45, -45, +45,
                          90,
             +45, -45, +45, -45, 0, 0, -45, +45, -45, +45,
                    0, 0, 0, +45, -45, 
                    90, 90, 0, 90, 0, 90, 90,
                           +45, -45, 0, 0, 0,
            +45, -45, +45, -45, 0, 0, -45, +45, -45, +45,
                          90,
            +45, -45, +45, -45, 0, 0, -45, +45, -45, +45,
                          90,
             +45, -45, +45, -45, 0, 0, -45, +45, -45, +45,
                          90,
             +45, -45, +45, -45, 0, 0, -45, +45, -45, +45]


middle_layup = [+45, -45, +45, -45, 0, 0, -45, +45, -45, +45,
                          90,
             +45, -45, +45, -45, 0, 0, -45, +45, -45, +45,
                          90,
             +45, -45, +45, -45, 0, 0, -45, +45, -45, +45,
                          90,
             +45, -45, +45, -45, 0, 0,  
                    90, 0, 90, 0, 90, 
                      0, 0, -45, +45, -45, +45,
                          90,
            +45, -45, +45, -45, 0, 0, -45, +45, -45, +45,
                          90,
             +45, -45, +45, -45, 0, 0, -45, +45, -45, +45,
                          90,
             +45, -45, +45, -45, 0, 0, -45, +45, -45, +45]
